FID	IID	PRS_inf	PRS_grid
0	HG03265	0.00362738816459972	-0.0427464049610165
0	HG03267	-0.0231725684859485	-0.0950999836375667
0	HG03268	-0.0177417884889265	-0.102811556657392
0	HG03270	0.0105161903469888	-0.0593334265650971
0	HG03271	0.00734969402297605	-0.0620614823541972
0	HG03279	-0.00870692657217289	-0.0673526904702291
0	HG03280	-0.00358408886162339	0.0279617769644851
0	HG03291	0.029394506518808	0.0593683608191437
0	HG03294	0.00472235173427272	-0.0370290314605783
0	HG03295	0.0315826767662119	0.0235303537516171
0	HG03297	0.0451371207784411	0.0249652379503395
0	HG03298	0.0119963941146148	-0.0140200681684619
0	HG03300	0.00611861022061636	0.00107418241048381
0	HG03301	-0.0165513976892093	-0.0257585162481782
0	HG03303	0.0117759048971185	-0.0238869340578084
0	HG03304	-0.0139234145576867	-0.027872390608652
0	HG03311	0.0253802538879827	-0.0188729106933634
0	HG03313	-0.0525604844493832	-0.0735010282952955
0	HG03342	0.00368425467691352	-0.0247404384433327
0	HG03343	0.0275126815203814	-0.0699983930128815
0	HG03351	-0.0357204205692574	-0.0816318180266261
0	HG03352	-0.00137767259112105	0.0108114837105606
0	HG03354	-0.0545712759588077	-0.0303524185615802
0	HG03363	0.0394568462619229	-0.0426271478005149
0	HG03366	0.0126287882409237	0.0743542468553208
0	HG03367	0.000415549954645575	-0.0615155123339074
0	HG03369	-0.0259640317635985	-0.0253862676519287
0	HG03370	-0.0262923381331455	-0.0185172224610136
0	HG03372	-0.045257343121116	-0.0190145166603988
0	HG03376	0.0365556806658647	0.0662195614367701
0	HG03378	0.00182730653518509	-0.0330018504254191
0	HG03380	0.00474436903941674	-0.0719474167490129
0	HG03382	-0.0178464694595467	-0.0110845061848962
0	HG03385	-0.0125305889301901	-0.0931608165222826
0	HG03388	0.00166847977953419	0.00753021811913935
0	HG03391	0.0395329345948842	-0.0674034382124354
0	HG03394	0.0736865072690988	0.0305003259380837
0	HG03397	-0.0373213786387298	-0.00792420981417881
0	HG03401	-0.0432839855518618	0.00144763646578312
0	HG03410	0.0918232959761853	-0.019619987286692
0	HG03419	-0.0306586087747915	-0.0194762571926762
0	HG03428	-0.00856480671394304	0.00688568704850278
0	HG03432	-0.060835603645619	-0.0282323641727311
0	HG03433	-0.0354158847791046	-0.0683557726266879
0	HG03436	0.00612599011022671	0.00984283437444601
0	HG03437	-0.00916546634057181	-0.0855915498701367
0	HG03439	0.0246458347502127	-0.0440937057752426
0	HG03442	-0.0346061023777061	-0.0694631047354484
0	HG03445	-0.0317354367055913	0.0507804659389556
0	HG03446	-0.005719802334153	-0.0599474341524482
0	HG03449	-0.0466512773214985	0.0103950300381911
0	HG03452	-0.055919193007306	0.0335153519509131
0	HG03455	-0.0207332227481931	-0.0353561389874638
0	HG03457	-0.0125957324130072	0.00206302527202679
0	HG03458	-0.0288389704347607	0.0341974973455328
0	HG03460	0.0593376832578833	0.0296149200367118
0	HG03461	0.0130488835727536	0.0458145100332665
0	HG03464	0.0349355004982129	0.0618765201876055
0	HG03469	0.0308330143022585	-0.0467450633021112
0	HG03470	-0.00494311922140847	-0.0180800394641742
0	HG03472	0.0607617358674313	0.00673357719717506
0	HG03473	0.0120376150328318	-0.0108620377108738
0	HG03476	-0.0270658931216253	-0.0208318487925998
0	HG03478	0.00758699936691696	-0.0372342025178089
0	HG03479	0.0328976052048299	0.0167888282558647
0	HG03484	0.00537893092529117	-0.0621726126006469
0	HG03485	0.0731795733985928	-0.03456267362208
0	HG03499	-0.00901858349984148	-0.0450056538890372
0	HG03511	-0.0105588635959705	-0.126616776796666
0	HG03514	0.00177952833886139	-0.0724104692117308
0	HG03515	-0.00438039659556593	0.0199963732626299
0	HG03517	-0.0250784225616252	-0.080050877180987
0	HG03518	0.0460122987112586	0.00183875429198279
0	HG03520	0.0312552409552438	-0.0410152878816249
0	HG03521	0.0254018907965664	0.0223848392494945
0	HG03538	0.00324213687898581	-0.0169650398663787
0	HG03539	-0.045766195601264	0.0139821739417478
0	HG03547	-0.0120958165372985	0.029022133779869
0	HG03548	0.0735885400646346	-0.0767528929104133
0	HG03556	0.0637602597064499	0.0016656629888339
0	HG03557	0.00412589878891636	-0.0592705407835474
0	HG03558	0.0168327239244145	-0.0602412660933594
0	HG03559	-0.00785918689715451	0.0232776350290563
0	HG03563	-0.0513482540359243	0.0661096563280083
0	HG03565	0.0216858779563847	-0.0743197518124468
0	HG03567	-0.0246645867883483	0.0451439373162622
0	HG03571	0.038967756338024	0.0116625565487305
0	HG03572	0.0363512066038742	0.0468492985641931
0	HG03575	0.0142113328348206	-0.045997973410312
0	HG03577	0.0538210558980562	-0.0122357949141389
0	HG03578	-0.0203524069371597	-0.0188595762100241
0	HG03583	0.0020135725136804	-0.0103516383906304
0	NA18486	0.0542137010553679	0.0963978422138204
0	NA18488	-0.0659880210725478	-0.11710639393827
0	NA18489	-0.0281988222469887	-0.0140443424188474
0	NA18499	0.062078240157617	-0.019356556485227
0	NA18501	-0.015705031132415	-0.030142955497641
0	NA18502	-0.0239719578760526	0.0378071568952526
0	NA18504	0.0243931516657868	-0.0273844631951139
0	NA18505	0.0117751581863158	0.00378784266157291
0	NA18507	0.000144584035095514	-0.026939265204666
0	NA18508	0.0240203771587583	-0.0630485462209788
0	NA18510	-0.036379919814562	-0.134958635517276
0	NA18511	0.0234726889256328	-0.0764541124521915
0	NA18516	-0.00258151839038877	-0.0651698280512491
0	NA18517	0.0574888543164268	-0.0216908018066666
0	NA18519	0.0482614897198558	-0.109109120775499
0	NA18520	0.0126938463492372	-0.0733068555698433
0	NA18522	-0.0134304383859432	0.0117212120634082
0	NA18523	0.00501646283515938	-0.0588214273963407
0	NA18853	0.0188263044256674	-0.0120852444821226
0	NA18856	0.022933822773795	-0.000563763721371739
0	NA18858	0.0223044967750296	-0.0206108830075661
0	NA18861	0.000974236992048782	-0.0957787009670848
0	NA18864	0.0385212444521803	-0.00998310551284054
0	NA18865	0.00469239260938669	-0.09453553472344
0	NA18867	0.0539361742651926	-0.0780438814601303
0	NA18868	0.0621621409178146	0.0034778960163323
0	NA18870	0.0393357160304454	0.0464193534929152
0	NA18871	0.0450405919723329	-0.00201910661488673
0	NA18873	0.0387746685972445	-0.00475283834257264
0	NA18874	-0.0180648194918939	0.016220782951312
0	NA18876	-0.0208932543422644	-0.012797077832667
0	NA18877	-0.0115178166887059	-0.00252787415881928
0	NA18878	0.0704934248608698	-0.0104958091459138
0	NA18879	0.0460857479751305	-0.0226291111591056
0	NA18881	0.0438501844712711	-0.0952623698016155
0	NA18907	0.00411196823643944	0.00368114969001072
0	NA18908	-0.0109420783097085	0.072457366253599
0	NA18909	-0.00580051727309839	-0.0490226514516949
0	NA18910	-0.0491602427547131	-0.0642195411985318
0	NA18912	0.0283227295492556	0.0082489163821563
0	NA18915	0.0945198841163081	0.017762116930898
0	NA18916	0.00231426027479169	-0.0538042247207729
0	NA18917	0.0354681426564221	-0.064627059504079
0	NA18923	0.0136293243992864	0.0435745010388145
0	NA18924	0.00202032267986896	-0.0258180957247014
0	NA18933	0.0271391644188829	-0.0383796130469468
0	NA18934	-0.0199612685560866	-0.061500038754683
0	NA19017	0.0160394130698587	0.0117075919966218
0	NA19019	-0.054225185501604	-0.0159882034851277
0	NA19020	0.0382570999091841	0.0653114483850717
0	NA19023	-0.0170157356616479	0.00968747195175806
0	NA19024	0.0159181803736634	0.0516757955487355
0	NA19025	-0.0254277722773268	-0.0310397916045952
0	NA19026	0.0614379843446	0.04179845730647
0	NA19027	0.0105722103145056	-0.0366416987683218
0	NA19028	-0.0328255876655047	-0.0529463684510414
0	NA19030	0.00111200751419114	-0.00885625324272848
0	NA19031	0.0129142735314504	-0.0265485349015835
0	NA19035	0.0161952133133376	0.00528927663533526
0	NA19036	0.023383234223797	0.0156691010668841
0	NA19037	-0.00438018760973618	-0.0260580138389778
0	NA19038	-0.0179474543630172	-0.0419288936563027
0	NA19041	-0.0117055665412634	-0.00823783922803932
0	NA19042	-0.0317225066934119	7.24408782038645e-05
0	NA19043	0.0187747631037171	-0.0157407188036623
0	NA19092	0.0378473752131963	0.0219124689868173
0	NA19093	0.0215462279379291	-0.0206967230352743
0	NA19095	0.00349504858158714	0.0258654539984109
0	NA19096	-0.0377108340935755	-0.0641865399214292
0	NA19098	0.0522949193620813	0.0539078444152524
0	NA19099	0.07495152214992	-0.0225446435356178
0	NA19102	0.00984236094938276	-0.0648877974893649
0	NA19107	-0.00599873636494298	-0.00735118960041726
0	NA19108	0.0543198913969366	0.0555812289542367
0	NA19113	0.0159666086698573	-0.141684498503771
0	NA19114	0.0172728426818601	-0.0517171395593409
0	NA19116	0.123105275720705	-0.015785370966086
0	NA19117	-0.0274256091146771	-0.0377571558915654
0	NA19118	0.0222740204603541	-0.0707499819111528
0	NA19119	-0.0170682047449224	-0.038935346398774
0	NA19121	-0.0111670361375368	0.0749491617753671
0	NA19130	0.00950217871979299	-0.119518410884429
0	NA19131	0.0264833802744132	0.0652656500265944
0	NA19137	0.0111942098886233	-0.0976188628402415
0	NA19138	-0.0432199054867303	0.0189731281398145
0	NA19141	0.0374695221872743	0.0241018207990723
0	NA19143	0.0241200421761042	-0.0811617019808994
0	NA19144	-0.0572340045077078	-0.0788890993085698
0	NA19146	0.00850168954204635	-0.0392411953289917
0	NA19147	-0.0514487439910572	-0.0449465990783519
0	NA19149	-0.0455611327827889	-0.0382848502008329
0	NA19152	-0.00235708560276589	0.0135010832849039
0	NA19153	-0.0328219782171089	-0.0364256882097623
0	NA19159	0.0385096910355307	-0.0452706217516154
0	NA19160	-0.00632385583964958	-0.0284924491952108
0	NA19171	-0.0235629561127598	-0.049673850367033
0	NA19172	0.0856994563906071	0.0411111967895963
0	NA19175	-0.0274530728460695	0.00047867611816417
0	NA19184	-0.00210768735293917	-0.0216634786861668
0	NA19185	0.0190619029519911	-0.0148283917885558
0	NA19189	0.0384123707954755	-0.065625773159153
0	NA19190	0.0720631775859014	0.0396129988959688
0	NA19197	-0.0109951066918541	-0.0691150931393689
0	NA19198	-0.0524033200846528	0.0244568057324029
0	NA19200	0.0326081479669757	0.0311781131712654
0	NA19201	0.0568687858883255	0.0105479040948518
0	NA19204	0.00685588659450959	0.0254194598276043
0	NA19206	-0.0394965770314597	-0.0402466922804344
0	NA19207	-0.04100499540805	-0.0403915579276895
0	NA19209	0.0669341930977292	-0.057490181107294
0	NA19210	0.0256798310814423	-0.0583808718064916
0	NA19213	-0.00227364557700976	0.00128204799556698
0	NA19214	-0.0286778405594022	-0.0495426600613868
0	NA19222	-0.0360066064165327	-0.0339650060080685
0	NA19223	0.0290243023431893	-0.0353594372233046
0	NA19225	0.0464378949123276	-0.00982447644650537
0	NA19235	0.0588348491802664	0.0462823723702064
0	NA19236	-0.0174605766298551	-0.100622215741318
0	NA19238	-0.0143122827319356	0.021879604205457
0	NA19239	0.0344850944135374	-0.128013454514163
0	NA19247	0.00503769163503067	-0.0516727420178111
0	NA19248	0.0551908056875932	0.0395609025569168
0	NA19256	-0.0208962936165403	6.73147095550656e-05
0	NA19257	0.0198885925677679	-0.0245290976352874
0	NA19307	-0.000514358097305273	0.0321225518964486
0	NA19308	0.0385537886887171	0.0532449231529825
0	NA19309	0.0530156830555646	0.0193340090434114
0	NA19310	0.0229136098890302	-0.0235088398945306
0	NA19312	0.0309275123500039	-0.000915726973480896
0	NA19314	-0.0303399601352369	-0.0208066006040735
0	NA19315	0.0231129357586562	-0.0250785905641292
0	NA19316	-0.0241689949003512	-0.044345173584281
0	NA19317	-0.0773941678730409	-0.0761038056011362
0	NA19318	-0.00213692499384593	-0.0659077836442173
0	NA19319	0.0190012863670134	-0.0387194808282366
0	NA19320	-0.00419445979342697	0.00240700118801494
0	NA19321	-0.0289803470049946	-0.0143455027691112
0	NA19323	0.047904276691912	-0.0212395957392435
0	NA19324	-0.0156732301351257	-0.0136341499826285
0	NA19327	0.0570261139939124	0.0120788604569508
0	NA19328	0.00708697800665293	-0.0787305028060102
0	NA19331	0.0386357837211525	0.0467410584039187
0	NA19332	-0.0263835577449226	0.0284980682695794
0	NA19334	0.0307294346282165	0.0826775618770298
0	NA19338	0.0482845676490257	-0.0592004629129661
0	NA19346	0.0136937391901083	0.00677810133640617
0	NA19347	-0.00908329078634782	0.0176016816989655
0	NA19350	0.00152816028086481	-0.0645508296957665
0	NA19351	0.0585196550536688	-0.0741024306397083
0	NA19355	0.0272016769075366	-0.0954374873440368
0	NA19360	-0.00711761584042358	-0.00677775588553621
0	NA19372	0.0561763656792507	-0.0322245646269352
0	NA19374	-0.020327413405188	-0.0343572314652765
0	NA19375	0.0105991737996963	0.00120339642475632
0	NA19376	-0.0672612626753799	-0.034531357326668
0	NA19377	0.0258378400734725	-0.00904258694933125
0	NA19378	0.000527590595004332	-0.0537626890654826
0	NA19379	0.0557333170184981	0.00454565011999899
0	NA19380	0.0125931452810471	-0.0770613511762255
0	NA19383	-0.0195363610959453	0.0264088198174177
0	NA19384	0.023147670460928	-0.0365106991223166
0	NA19385	-0.0166531398979734	-0.0289402212479175
0	NA19390	-0.0392283864582047	-0.0244504743189398
0	NA19391	0.0485649472341437	-0.0279333809530433
0	NA19393	0.036807666468051	0.022332048777294
0	NA19394	0.0563573099176413	-0.0259764944812172
0	NA19395	0.0284518227691912	-0.0427060283830926
0	NA19397	0.0355043498152611	0.04002758927561
0	NA19399	0.0294924739311208	-0.0951675726229895
0	NA19401	-0.018296615082189	-0.068010528623933
0	NA19403	-0.0068840654623474	-0.024829303028459
0	NA19404	-0.0156464170035974	0.000653670094024825
0	NA19428	0.0673675600475391	0.056634852018512
0	NA19429	0.0147006949254523	-0.0583763975992854
0	NA19430	0.0111106881373272	-0.00938760511045431
0	NA19431	-0.000269901128115244	0.00839495131681942
0	NA19435	-0.0387963246545986	-0.0248827931208338
0	NA19436	-0.00379949971312053	-0.0789731417624064
0	NA19437	0.0125335092956369	0.0626372807995731
0	NA19438	0.0888819315763156	0.0233986441704633
0	NA19439	0.0778600305644933	0.084699647055101
0	NA19440	0.0150931885373605	0.0354217205207632
0	NA19443	0.0210597201777833	-0.0773361561314522
0	NA19446	-0.0386102639659796	-0.00363950870137814
0	NA19448	0.00923929256843146	0.0127728138443591
0	NA19449	0.0475759536595576	-0.0238412271096779
0	NA19451	0.0292962978348838	-0.0295631518650525
0	NA19452	0.00108405961656967	0.0159847337466751
0	NA19454	0.0425283250002629	-0.0736219537440884
0	NA19455	-0.00580447117506989	-0.0783905458763124
0	NA19456	0.0881265268947706	-0.00618754786810034
0	NA19457	0.0101217717908251	-0.0444584902642536
0	NA19461	0.0521833887870206	-0.0114974790766785
0	NA19462	0.0675911685097627	-0.0385596577066833
0	NA19463	0.0654782465993605	0.0105110881506711
0	NA19466	-0.00649219270287743	0.017631983788591
0	NA19467	-0.0169662896860997	-0.010703151666756
0	NA19468	0.0760438841091895	-0.0471455973851329
0	NA19471	-0.0132796943398352	0.00510150208226962
0	NA19472	0.0164136402206677	0.0446798727970528
0	NA19473	-0.00405138869720428	-0.013072992872943
0	NA19474	0.0367465460650198	-0.0295864099156217
0	NA19475	0.0417484704641549	-0.0264059623724092
0	NA19625	0.0448022577536625	-0.0301823942725108
0	NA19700	0.0199976794240454	-0.172956704600525
0	NA19701	0.0570191233084651	-0.0782678102182257
0	NA19703	0.0482371687554244	-0.000449972986806748
0	NA19704	-0.00944367825357697	0.0527697949157586
0	NA19707	-0.0250600601715174	0.0158937165256783
0	NA19711	0.016117791633371	0.0574485757587932
0	NA19712	0.058406559889977	-0.0208005147857226
0	NA19713	-0.00388158735085998	0.0437768251019828
0	NA19818	0.0583409443276086	-0.0255382287867112
0	NA19819	0.0122812485314163	-0.101463121867076
0	NA19834	0.00253912937726715	0.0340641807038422
0	NA19835	-0.0371135251292114	-0.0147675719506847
0	NA19900	0.0140650050883517	0.0176792811454249
0	NA19901	-0.0399442827235007	-0.0922843741875783
0	NA19904	-0.103335310939981	-0.00396488160312565
0	NA19908	0.0704018778646623	-0.0704414624812709
0	NA19909	0.00367287531233978	-0.0357315979748864
0	NA19913	-0.0258767439525047	0.0321125300663562
0	NA19914	-0.0314544738221071	-0.0661413286490029
0	NA19916	-0.0616849252162116	0.0133807265783721
0	NA19917	0.0222751693318468	0.0398125668062702
0	NA19920	0.0438652595454318	-0.0156770447245175
0	NA19921	-0.0209025391756051	0.0597105896224193
0	NA19922	0.0197653055766096	-0.0636875016916317
0	NA19923	-0.0129272184893624	-0.0897302209851604
0	NA19982	0.0121336041664284	0.0338364844164719
0	NA19984	-0.0114915706086713	-0.0374067785011102
0	NA20126	-0.0325414772573675	-0.0416759467891493
0	NA20127	0.0481480622123682	-0.0621048441731344
0	NA20274	-0.0764667919977796	-0.0114311576836383
0	NA20276	-0.0134015902745296	-0.143635816772778
0	NA20278	-0.0559944446372038	-0.0536628977719525
0	NA20281	0.029015162214747	-0.0223287635529177
0	NA20282	-0.0560270822064648	0.0119008444880565
0	NA20287	0.00670225255779703	-0.0353375035967937
0	NA20289	-0.0402161863530719	-0.0849061922873587
0	NA20291	0.0309445756374933	0.0220158110395418
0	NA20294	0.0101251555311225	0.0170489844000965
0	NA20296	0.0131379727669754	0.0215707252290558
0	NA20298	0.0370134739669674	0.0230971042883553
0	NA20299	-0.0374772665809059	0.0106428019257418
0	NA20314	-0.0872447961195489	-0.0408530973703341
0	NA20317	0.00867580103014127	0.000119146883407146
0	NA20318	0.00760369163022892	0.056016523005693
0	NA20320	-0.0127215347294849	-0.0608664870738075
0	NA20321	-0.0448522375896658	-0.0321495583587957
0	NA20332	-0.0327110389027189	0.0058380564646488
0	NA20334	-0.0475164098589161	-0.0811283956541287
0	NA20339	0.0388228481895843	-0.00772411643316311
0	NA20340	-0.00781638598786836	-0.0609510979600494
0	NA20342	-0.0210760518844445	-0.064693605355897
0	NA20346	-0.0523858644607763	-0.0171168816477655
0	NA20348	-0.0261725678556831	0.00175007917675862
0	NA20351	-0.0461739244451225	-0.0130341603011111
0	NA20355	-0.0412703376587489	-0.155026779057935
0	NA20356	-0.0146848613319199	0.0161558766318891
0	NA20357	-0.0115349118020703	0.0415572759295079
0	NA20359	-0.0681501431720675	-0.0870995886931882
0	NA20362	-0.0437037776498714	-0.0910777780104489
0	NA20412	-0.0142429215994658	0.0187611505452087
